CLASSIFICATION REPORT
============================================================
Overall Accuracy: 99.14%

              precision    recall  f1-score   support

           0       1.00      0.96      0.98       140
           1       0.99      1.00      1.00       140
           2       0.97      0.99      0.98       140
           3       0.99      0.96      0.97       141
           4       1.00      1.00      1.00       141
           5       0.97      1.00      0.99       140
           6       1.00      1.00      1.00       141
           7       1.00      1.00      1.00       140
           8       1.00      1.00      1.00       140
           9       1.00      1.00      1.00       140

    accuracy                           0.99      1403
   macro avg       0.99      0.99      0.99      1403
weighted avg       0.99      0.99      0.99      1403
